2	14007
2	90299
2	540748
2	63483
2	20166
2	227654
2	404281
2	48214
2	26
2	2350
2	4859
2	30817
2	6923
2	1314814
2	46854
14007	20075
14007	20574
14007	20144
14007	20206
14007	967
14007	20454
14007	20509
14007	20634
14007	20674
14007	20148
14007	20329
14007	20513
14007	20083
14007	20578
14007	20636
14007	974
14007	20331
14007	20515
14007	20085
14007	20579
14007	18582
14007	20151
14007	977
14007	20458
14007	20152
14007	20278
14007	20461
14007	25663
14007	18759
14007	980
14007	20279
14007	20337
14007	20400
14007	20463
14007	20521
14007	20091
14007	18855
14007	20684
14007	20157
14007	20222
14007	983
14007	20281
14007	20402
14007	20464
14007	20094
14007	20584
14007	20159
14007	20223
14007	20282
90299	20574
90299	967
90299	20083
90299	18582
90299	20087
90299	20581
90299	20335
90299	20089
90299	20155
90299	20281
90299	20165
90299	20468
90299	20528
90299	20589
90299	20064
90299	20254
90299	20493
90299	20099
90299	20167
90299	20411
90299	20170
90299	20539
90299	20108
90299	20419
90299	20615
90299	20375
90299	20120
90299	20066
90299	20444
90299	20133
90299	20501
90299	20135
90299	20202
90299	20448
90299	2175
90299	20452
90299	78432
90299	779
90299	53328
90299	47707
90299	132265
540748	540756
540748	540755
540748	540754
540748	49952
540748	540747
540748	540745
540748	540729
540748	3676101
540748	27311
540748	3647
63483	20075
63483	20574
63483	20144
63483	20206
63483	20390
63483	20454
63483	20576
63483	20148
63483	20208
63483	20455
63483	20083
63483	20636
63483	20676
63483	974
63483	20274
63483	20395
63483	20456
63483	20515
63483	20085
63483	18582
63483	20212
63483	20276
63483	20333
63483	20087
63483	20152
63483	20214
63483	978
63483	20335
63483	20089
63483	18759
63483	20155
63483	980
63483	20091
63483	18855
63483	20157
63483	20222
63483	20281
63483	20339
63483	20094
63483	18898
63483	20159
63483	20223
63483	263688
63483	204718
63483	204711
63483	204710
63483	263685
63483	263680
63483	263665
63483	187811
20166	20144
20166	20148
20166	529944
20166	20149
20166	20151
20166	530450
20166	20152
20166	529193
20166	20155
20166	529243
20166	529335
20166	20157
20166	528401
20166	528908
20166	20159
20166	250297
20166	392136
20166	392166
20166	392187
20166	392219
20166	392224
20166	392228
20166	263711
20166	263703
20166	208928
20166	187432
20166	187153
20166	20165
20166	107887
20166	107890
20166	107895
20166	107899
20166	107919
20166	107926
20166	107093
20166	9997
20166	14007
20166	107930
20166	107931
20166	107933
20166	107935
20166	107936
20166	107937
20166	824
20166	107939
20166	107940
20166	107943
20166	93288
20166	107945
20166	90299
227654	223181
227654	2024152
227654	119336
227654	36208
227654	10000
227654	36430
404281	20521
404281	99356
404281	405431
404281	405163
404281	403032
404281	403372
404281	403555
404281	403027
404281	405504
404281	403556
404281	321751
404281	402364
404281	404273
404281	99434
404281	402379
404281	401253
404281	405858
404281	404694
404281	405867
404281	404972
404281	48214
404281	4859
404281	3289294
404281	565681
404281	567308
48214	20672
48214	20206
48214	20326
48214	20210
48214	20274
48214	20151
48214	20333
48214	20680
48214	20222
48214	20402
48214	20523
48214	37852
48214	528955
48214	523794
48214	528956
48214	20094
48214	20688
48214	20223
48214	391955
48214	250072
48214	391971
48214	391980
48214	392129
48214	392131
48214	392136
48214	392152
48214	392161
48214	392164
48214	392166
48214	392169
48214	388013
48214	388183
48214	388184
48214	392185
48214	392194
48214	392200
48214	392205
48214	392207
48214	392217
48214	392221
48214	392224
48214	392240
48214	263716
48214	263698
48214	263688
48214	208928
48214	263678
48214	263665
48214	187684
48214	187153
26	529177
26	529579
26	529271
26	392191
26	392194
26	392200
26	392240
26	107822
26	107892
26	63722
26	63483
26	530848
26	3349410
26	20507
26	33804
26	3142
26	94191
26	34172
26	35377
26	783605
26	783606
26	58395
26	1466463
26	1408344
26	9654
26	855
26	3674470
26	196909
26	404273
26	3525351
26	797
2350	20271
2350	20083
2350	974
2350	977
2350	20396
2350	20581
2350	20519
2350	20216
2350	20463
2350	20222
2350	20526
2350	107917
2350	107921
2350	107922
2350	107923
2350	107925
2350	107926
2350	107093
2350	107094
2350	9997
2350	60514
2350	14007
2350	63327
2350	20493
2350	142321
2350	20292
2350	20477
2350	19988
2350	917
2350	20606
2350	20486
2350	20550
2350	4263
2350	20650
2350	20128
2350	20565
2350	20663
2350	20234
2350	20319
2350	20446
2350	20665
2350	20384
2350	20267
2350	20269
2350	20452
2350	32049
2350	26186
2350	39312
4859	104038
4859	530282
4859	530298
4859	530314
4859	530242
4859	530220
4859	530146
4859	530125
4859	530002
4859	529993
4859	529996
4859	529997
4859	529998
4859	529913
4859	529930
4859	529944
4859	529956
4859	529742
4859	529649
4859	529648
4859	529761
4859	529778
4859	530959
4859	530948
4859	530974
4859	530989
4859	531074
4859	540966
4859	530378
4859	530412
4859	530426
4859	530427
4859	530452
4859	530493
4859	529154
4859	529861
4859	529862
4859	529148
4859	529136
4859	529166
4859	529180
4859	529187
4859	529601
4859	529571
4859	529000
4859	529009
4859	529013
4859	529014
4859	529238
4859	529242
30817	107895
30817	107921
30817	1683376
30817	2431427
30817	562114
30817	2431356
30817	2362741
30817	119336
30817	6075
30817	259809
30817	2491421
30817	830159
30817	259813
30817	111739
30817	1683377
30817	10000
30817	830158
30817	83922
30817	783622
30817	1683378
30817	14544
30817	551678
30817	1743685
30817	440850
30817	1761476
30817	28999
30817	1743804
30817	504138
30817	510173
30817	2422339
30817	1742335
30817	2424700
30817	778391
30817	2420239
30817	1333008
30817	3305267
30817	1333047
30817	523132
30817	3144941
6923	22581
6923	72405
6923	527128
6923	3124478
6923	498834
6923	77833
6923	81649
6923	10611
6923	72407
6923	581136
6923	868480
6923	32852
6923	30668
6923	119608
6923	2350
6923	13921
6923	1102686
6923	15144
6923	4859
6923	99963
6923	43897
6923	578908
6923	3272139
6923	3263369
6923	2217956
6923	16604
6923	68649
6923	820500
6923	48165
6923	3263366
6923	3184822
6923	182944
6923	576685
6923	76501
6923	6923
1314814	540748
1314814	20166
1314814	736945
1314814	12469
