79681  0.0012
20461  0.0008
63316  0.0007
725  0.0008
2477  0.0011
26572  0.001
20269  0.0008
95308  0.001
423833  0.0011
128805  0.0019
297875  0.0006
3250993  0.0017
500947  0.0028
2885329  0.0011
845465  0.0008
796042  0.001
25484  0.0006
257364  0.0006
20454  0.0008
530043  0.0003
20455  0.0008
20456  0.0007
20458  0.0008
529605  0.0003
20463  0.001
20464  0.0008
201754  0.0004
20466  0.0008
392155  0.0003
230918  0.0005
392191  0.0004
20468  0.0008
107807  0.0006
107887  0.0007
107892  0.0007
9997  0.0006
63997  0.0007
33041  0.0009
63728  0.0008
20470  0.0008
20435  0.001
74212  0.0009
1446540  0.0024
20471  0.0008
20473  0.0008
20475  0.0008
20477  0.0008
20478  0.0007
20479  0.0009
20481  0.0008
20483  0.0008
20484  0.0007
20486  0.0008
20438  0.0008
20489  0.0009
20490  0.0008
20439  0.0008
20443  0.0009
20444  0.0009
20446  0.0008
541484  0.0003
20448  0.0008
20450  0.0009
20452  0.0008
20075  0.0006
20574  0.0008
20672  0.0006
20144  0.0006
20206  0.0005
20390  0.0005
20077  0.0006
20576  0.0006
20634  0.0006
20148  0.0006
20272  0.0008
20329  0.0007
20578  0.0006
20636  0.0008
20149  0.0006
20210  0.0006
20085  0.0006
20678  0.0005
20212  0.0005
977  0.0004
20517  0.0006
20087  0.0006
20581  0.0007
17598  0.0006
20335  0.0006
20519  0.0007
20155  0.0006
20521  0.0006
18855  0.0005
983  0.0005
20339  0.0006
20402  0.0005
20584  0.0006
18898  0.0006
20688  0.0005
20223  0.0005
132032  0.0006
131675  0.0005
20095  0.0006
20587  0.0006
19110  0.0006
20689  0.0005
20165  0.0006
20224  0.0005
4467  0.0005
20285  0.0007
20343  0.0006
20528  0.0006
107809  0.0006
107810  0.0006
107812  0.0005
107813  0.0006
107814  0.0005
107815  0.0007
107816  0.0006
107817  0.0005
107818  0.0006
107819  0.0007
107820  0.0007
107821  0.0005
107822  0.0007
107886  0.0007
107888  0.0006
107889  0.0007
107890  0.0006
107891  0.0007
107893  0.0006
107894  0.0006
107895  0.0007
96168  0.0006
107896  0.0006
107897  0.0006
107898  0.0006
107899  0.0007
107916  0.0008
107917  0.0007
107918  0.0006
107919  0.0006
107920  0.0006
107921  0.0006
107922  0.0006
107923  0.0006
107924  0.0006
107925  0.0007
107926  0.0009
107094  0.0009
60514  0.0009
107930  0.0009
107932  0.0007
107933  0.0008
107934  0.0006
107935  0.0007
107939  0.0006
107940  0.0007
107943  0.0006
93288  0.0008
107945  0.0007
64294  0.0008
64291  0.0008
20589  0.0006
20691  0.0005
889  0.0004
20344  0.0006
20064  0.0011
17601  0.0007
20373  0.0007
20493  0.0007
20591  0.0007
17027  0.0007
20693  0.0005
20167  0.0006
998  0.0005
20411  0.0005
20533  0.0005
20593  0.0005
20170  0.0006
20351  0.0005
20535  0.0006
19482  0.0006
893  0.0004
20292  0.0008
20352  0.0006
20537  0.0006
20106  0.0005
20699  0.0005
20172  0.0006
20294  0.0008
20417  0.0005
20598  0.0005
19988  0.0005
20702  0.0005
4613  0.0005
20110  0.0005
20600  0.0006
20062  0.0005
20176  0.0006
794  0.0005
20604  0.0006
20706  0.0004
20298  0.0008
20112  0.0005
20605  0.0006
20181  0.0006
20246  0.0005
20301  0.0008
20363  0.0005
20425  0.0006
20116  0.0006
920  0.0004
20248  0.0005
20303  0.0008
20365  0.0006
20427  0.0005
20550  0.0006
20065  0.0006
20125  0.0008
20189  0.0005
20256  0.0007
20311  0.0006
20611  0.0006
20650  0.0006
20720  0.0005
20121  0.0005
17597  0.0005
20722  0.0004
20558  0.0006
20617  0.0006
20128  0.0007
20618  0.0006
20193  0.0005
20498  0.0007
20068  0.0005
20621  0.0007
20661  0.0006
20131  0.0006
20196  0.0005
20318  0.0007
20069  0.0005
20623  0.0006
20133  0.0007
20200  0.0005
20263  0.0009
20382  0.0006
20135  0.0007
20202  0.0004
20384  0.0006
20503  0.0006
20627  0.0006
20267  0.0008
20386  0.0005
20505  0.0006
966  0.0005
20388  0.0005
3165203  0.0003
2360340  0.0003
39312  0.0004
3172222  0.0003
3670963  0.0003
39578  0.0004
32562  0.0007
6951  0.0003
20513  0.0006
20331  0.0006
20515  0.0006
20151  0.0006
20276  0.0008
20216  0.0005
20279  0.0009
20282  0.0008
20405  0.0006
20526  0.0006
14007  0.0011
107931  0.0009
107936  0.0008
89649  0.0009
107948  0.0008
107950  0.0009
63996  0.0008
20531  0.0007
20123  0.0008
20187  0.0006
20254  0.0009
20290  0.0008
20413  0.0006
20697  0.0005
20415  0.0005
1004  0.0005
20539  0.0006
20108  0.0005
20175  0.0006
901  0.0004
20180  0.0005
20361  0.0006
20544  0.0005
20644  0.0006
20708  0.0005
20711  0.0005
20183  0.0006
20610  0.0005
924  0.0005
1020  0.0005
20367  0.0008
20655  0.0006
20306  0.0007
20191  0.0004
20377  0.0005
20665  0.0005
20507  0.0006
3676101  0.0027
3283223  0.0017
513760  0.0003
37558  0.0004
3201640  0.0003
2448750  0.0003
20676  0.0006
20680  0.0005
20152  0.0007
20281  0.0009
4455  0.0005
107093  0.001
64293  0.0009
63729  0.0009
20347  0.0006
20102  0.0007
20695  0.0005
20297  0.0009
917  0.0005
20646  0.0007
20117  0.0005
20185  0.0005
20305  0.0008
20615  0.0006
20561  0.0006
20320  0.0006
2175  0.0005
20629  0.0006
470938  0.0003
78871  0.0003
29136  0.0003
218353  0.0003
423890  0.0003
3213602  0.0003
39580  0.0003
16528  0.0003
20632  0.0006
20326  0.0007
20208  0.0004
20083  0.0005
974  0.0005
20214  0.0004
20278  0.0008
25663  0.0006
980  0.0005
20159  0.0007
107811  0.0005
824  0.0007
107938  0.0007
107942  0.0006
107946  0.0007
90299  0.0009
21944  0.0008
63974  0.0008
63722  0.0009
20097  0.0005
19186  0.0006
20166  0.0006
20652  0.0006
20099  0.0006
19372  0.0006
892  0.0004
1231  0.0006
20171  0.0006
19983  0.0006
20704  0.0005
907  0.0006
4616  0.0005
20421  0.0005
20423  0.0005
20547  0.0006
20606  0.0006
20648  0.0005
4263  0.0006
20120  0.0006
2160  0.0005
20369  0.0007
20257  0.0008
20494  0.0007
20067  0.0005
20659  0.0005
20129  0.0006
20563  0.0006
20260  0.0009
20663  0.0005
20501  0.0007
20070  0.0005
20567  0.0006
20625  0.0005
20071  0.0006
20667  0.0005
20136  0.0007
20322  0.0005
20073  0.0005
20571  0.0006
20139  0.0005
20323  0.0006
30383  0.0003
65980  0.0003
26186  0.0007
3310077  0.0003
853  0.0012
762687  0.0003
69405  0.0003
246935  0.0003
20271  0.0008
20274  0.0007
530515  0.0003
200205  0.0004
250297  0.0004
392219  0.0004
63467  0.0008
20286  0.0009
26753  0.0008
26755  0.0008
530831  0.0006
531774  0.0004
20288  0.0009
20295  0.0008
20309  0.0008
20258  0.0008
531086  0.0003
20265  0.0008
157822  0.0003
662904  0.0003
72661  0.0004
570234  0.0006
3528347  0.0004
128812  0.0003
128814  0.0003
138312  0.0006
375359  0.0006
370088  0.0006
375147  0.0006
47564  0.0006
139426  0.0004
643336  0.0006
3130500  0.0003
45974  0.0015
35377  0.0004
369643  0.0006
39143  0.0006
3349385  0.0006
16850  0.0008
76917  0.0006
369431  0.0006
9571  0.0004
32165  0.0003
541342  0.0023
3679002  0.001
3679018  0.001
309708  0.0013
3670038  0.001
3670091  0.001
248140  0.001
3670065  0.001
3670110  0.001
3670144  0.001
826540  0.0004
194099  0.0013
6543  0.0003
1221395  0.0014
3666629  0.0004
434035  0.0013
3510528  0.0007
3510530  0.0007
3510540  0.0007
3434758  0.0007
3435123  0.0004
3266089  0.0003
3424816  0.0006
3424817  0.0006
3424940  0.0006
3425085  0.0006
3426358  0.0006
3426360  0.0006
3426483  0.0006
3428471  0.0006
3432351  0.0006
3234524  0.0007
3225637  0.0006
3410361  0.0006
3431363  0.0006
3419206  0.0006
3641478  0.0006
3435319  0.0003
451353  0.0018
3403605  0.0008
508483  0.0003
246752  0.0013
418296  0.0003
3253575  0.0005
3665900  0.0004
3142  0.0004
3138428  0.0004
529861  0.0003
529338  0.0003
523796  0.0003
528954  0.0005
528955  0.0003
392145  0.0004
392166  0.0005
201334  0.0005
63470  0.0008
63469  0.0009
63328  0.0008
63325  0.0006
541067  0.0003
530690  0.0003
1782689  0.0003
790635  0.0003
530048  0.0003
530047  0.0003
530046  0.0003
530041  0.0003
530040  0.0003
530039  0.0003
530009  0.0003
530007  0.0003
530000  0.0003
529894  0.0003
529897  0.0003
529913  0.0003
529918  0.0003
540750  0.0003
529924  0.0003
528939  0.0004
63724  0.0009
63482  0.0009
530829  0.0006
1716687  0.0003
530143  0.0003
529993  0.0003
528925  0.0003
263716  0.0004
13080  0.0006
541129  0.0003
531885  0.0003
531808  0.0003
15643  0.0003
529863  0.0003
528480  0.0003
142321  0.0008
968979  0.0003
530672  0.0003
123039  0.0003
78665  0.0003
529864  0.0003
529865  0.0003
529603  0.0003
529148  0.0003
529145  0.0003
529584  0.0003
529583  0.0003
529579  0.0003
529577  0.0003
529573  0.0003
529571  0.0003
529570  0.0003
529559  0.0003
529557  0.0003
529561  0.0003
529399  0.0003
529911  0.0003
528926  0.0003
63726  0.0009
63474  0.0009
532197  0.0003
541047  0.0003
531161  0.0003
530679  0.0003
529201  0.0003
528928  0.0004
63975  0.0009
63725  0.0009
63319  0.0008
530871  0.0003
528935  0.0003
201753  0.0004
201755  0.0003
201756  0.0003
201757  0.0004
20500  0.0007
530408  0.0003
528701  0.0003
505938  0.0003
201333  0.0005
63318  0.0007
57704  0.0009
530530  0.0006
530848  0.0004
299524  0.0004
392150  0.0004
392152  0.0004
392157  0.0004
392159  0.0005
392161  0.0005
231810  0.0005
392164  0.0004
392169  0.0004
392171  0.0006
120474  0.0004
392200  0.0004
392238  0.0005
60513  0.0009
1765503  0.0003
2380222  0.0003
3227346  0.0003
20396  0.0007
20337  0.0006
20340  0.0006
388184  0.0004
392210  0.0004
263703  0.0004
263685  0.0005
187153  0.0005
20429  0.0005
20657  0.0005
392235  0.0005
263719  0.0004
20716  0.0005
4906  0.0005
20376  0.0006
20315  0.0006
20319  0.0007
20670  0.0005
16925  0.0004
20392  0.0005
20548  0.0007
2432  0.0004
120296  0.0003
967  0.0005
20509  0.0007
20674  0.0005
20395  0.0005
20579  0.0006
20682  0.0004
20400  0.0007
20091  0.0005
20582  0.0005
20222  0.0004
392205  0.0005
392214  0.0004
392217  0.0004
332324  0.0005
392228  0.0005
392231  0.0004
392233  0.0004
392240  0.0005
392242  0.0004
263698  0.0004
263690  0.0004
208928  0.0005
263665  0.0005
63998  0.0008
63327  0.0009
4468  0.0005
20613  0.0007
891  0.0004
1002  0.0005
20355  0.0006
20540  0.0006
20543  0.0006
20642  0.0006
914  0.0006
20556  0.0005
20375  0.0006
20552  0.0006
20230  0.0004
20434  0.0005
20313  0.0007
954  0.0004
20380  0.0006
20565  0.0006
20569  0.0006
20238  0.0004
20204  0.0005
413454  0.0003
1732373  0.0003
352316  0.0003
54909  0.0003
968  0.0004
18582  0.0006
978  0.0005
18759  0.0006
20157  0.0007
20523  0.0007
263697  0.0004
263693  0.0005
263688  0.0005
204718  0.0006
204711  0.0005
204710  0.0005
263680  0.0004
263678  0.0005
187811  0.0005
187684  0.0005
187432  0.0005
20406  0.0005
20408  0.0005
20554  0.0006
4850  0.0005
26086  0.0007
895  0.0004
20419  0.0005
20359  0.0005
20431  0.0006
20066  0.0007
943  0.0004
20234  0.0004
3222796  0.0003
420653  0.0003
2455603  0.0003
1519927  0.0003
27668  0.0008
1262063  0.0003
20333  0.0006
20398  0.0005
20089  0.0006
1001  0.0005
20595  0.0005
20596  0.0006
20357  0.0006
3133  0.0005
20228  0.0004
939  0.0004
136936  0.0003
1677305  0.0003
3972  0.0003
3638477  0.0003
82722  0.0003
6267  0.0004
1710611  0.0003
1680547  0.0003
236169  0.0003
18112  0.0003
20094  0.0005
263711  0.0004
6719  0.0004
455711  0.0003
28242  0.0003
3199294  0.0004
32825  0.0003
286336  0.0003
106041  0.0003
442088  0.0003
392207  0.0004
107949  0.0006
238107  0.0003
529985  0.0003
529956  0.0003
530437  0.0003
530502  0.0003
530508  0.0003
529012  0.0003
529390  0.0003
391955  0.0003
63326  0.0007
314222  0.0006
531789  0.0003
530590  0.0003
277717  0.0003
69914  0.0003
61218  0.0003
103171  0.0003
519911  0.0003
523949  0.0003
565612  0.0003
237668  0.0003
63483  0.0009
1536563  0.0003
1772253  0.0003
2352568  0.0003
3347505  0.0003
3349410  0.0003
817580  0.0003
44707  0.0003
3508125  0.0003
2361999  0.0003
41492  0.0003
1297826  0.0003
68948  0.0003
193750  0.0003
388185  0.0004
107951  0.0008
651887  0.0003
530011  0.0003
391975  0.0004
529903  0.0003
530951  0.0003
530495  0.0003
529254  0.0003
529258  0.0003
263723  0.0006
107937  0.0007
532204  0.0003
532099  0.0003
531831  0.0003
414274  0.0003
46732  0.0003
409579  0.0003
530966  0.0003
528931  0.0003
540717  0.0003
541043  0.0003
255468  0.0003
530116  0.0003
529909  0.0003
529586  0.0003
529244  0.0003
392129  0.0004
530409  0.0003
529138  0.0003
528983  0.0003
529386  0.0003
528698  0.0003
528897  0.0003
528924  0.0003
201762  0.0004
392148  0.0004
388013  0.0004
530906  0.0003
314600  0.0003
530242  0.0003
529778  0.0003
528908  0.0003
392126  0.0004
234242  0.0003
473858  0.0003
309904  0.0003
79870  0.0003
529766  0.0003
531072  0.0003
530367  0.0003
530391  0.0003
530497  0.0003
529157  0.0003
529580  0.0003
529339  0.0003
529358  0.0003
528913  0.0003
391971  0.0004
392245  0.0004
63723  0.0009
531805  0.0003
530796  0.0003
3671165  0.0003
29935  0.0003
530259  0.0003
37852  0.0003
531886  0.0003
529166  0.0003
529245  0.0003
530688  0.0003
1446245  0.0003
528880  0.0003
2360262  0.0003
2421165  0.0003
531900  0.0003
3263761  0.0003
530493  0.0003
77027  0.0004
392173  0.0004
392221  0.0004
75638  0.0003
528956  0.0003
530268  0.0007
540497  0.0003
530733  0.0003
238462  0.0003
392202  0.0004
32049  0.0004
530254  0.0003
529944  0.0003
521463  0.0003
250292  0.0004
392194  0.0004
540705  0.0003
852  0.0003
26441  0.0003
3366580  0.0003
411360  0.0003
507262  0.0003
461051  0.0003
531070  0.0003
529600  0.0003
201772  0.0004
528937  0.0004
250073  0.0003
201436  0.0004
540939  0.0003
530889  0.0003
529948  0.0003
529171  0.0003
529382  0.0003
528912  0.0003
201759  0.0003
392224  0.0005
471108  0.0003
27572  0.0003
119554  0.0003
250324  0.0003
87310  0.0003
41185  0.0003
541481  0.0003
541482  0.0003
541483  0.0003
541485  0.0003
541486  0.0003
541487  0.0003
530680  0.0003
530234  0.0003
529195  0.0003
36792  0.0003
532221  0.0003
541403  0.0003
529990  0.0003
529940  0.0003
530452  0.0003
541588  0.0003
530527  0.0003
391961  0.0003
392226  0.0005
540941  0.0003
540507  0.0003
531283  0.0003
540985  0.0003
530696  0.0003
103181  0.0003
785819  0.0003
2433928  0.0003
1332798  0.0003
392175  0.0004
392187  0.0004
531208  0.0003
782697  0.0003
127607  0.0003
530394  0.0003
529398  0.0003
20684  0.0005
523785  0.0004
250290  0.0004
392131  0.0004
392133  0.0003
392136  0.0003
10639  0.0003
28808  0.0003
5964  0.0003
1746929  0.0003
359737  0.0003
530083  0.0003
529923  0.0003
529975  0.0003
528900  0.0003
528921  0.0003
528929  0.0003
392182  0.0004
263707  0.0004
531369  0.0003
530774  0.0003
3244422  0.0003
250309  0.0003
50664  0.0003
1765557  0.0003
31609  0.0006
187933  0.0003
372961  0.0003
819588  0.0003
530413  0.0003
530516  0.0003
529119  0.0003
529204  0.0003
529567  0.0003
529397  0.0003
529001  0.0003
529240  0.0003
529383  0.0003
529330  0.0003
529373  0.0003
528577  0.0003
528401  0.0003
528864  0.0003
528911  0.0003
528914  0.0003
528918  0.0003
523787  0.0003
392178  0.0004
388182  0.0003
2219043  0.0003
1408333  0.0003
529193  0.0003
532117  0.0003
38308  0.0003
529191  0.0003
528919  0.0003
528923  0.0003
532854  0.0003
531166  0.0003
530898  0.0003
530687  0.0003
1684972  0.0003
251765  0.0003
33804  0.0003
412022  0.0003
120016  0.0003
230925  0.0003
580530  0.0003
25828  0.0003
626129  0.0003
529139  0.0003
530700  0.0003
95884  0.0003
523797  0.0003
541054  0.0003
530431  0.0003
529271  0.0003
392180  0.0004
392189  0.0004
2440346  0.0003
62946  0.0003
137415  0.0003
2361208  0.0003
311121  0.0003
3413510  0.0003
392124  0.0004
532857  0.0003
523798  0.0004
530892  0.0003
598764  0.0003
84779  0.0003
529902  0.0003
529354  0.0003
473755  0.0003
3131802  0.0003
820507  0.0003
388123  0.0003
92637  0.0003
461056  0.0003
3170065  0.0003
530562  0.0003
143167  0.0003
306183  0.0003
3145807  0.0003
529176  0.0003
529194  0.0003
528892  0.0003
531773  0.0003
530888  0.0003
25821  0.0004
94580  0.0003
97866  0.0003
530522  0.0003
529587  0.0003
529013  0.0003
529249  0.0003
529268  0.0003
529332  0.0003
529351  0.0003
529378  0.0003
529327  0.0003
528697  0.0003
528863  0.0003
528888  0.0003
523799  0.0003
523788  0.0003
391980  0.0003
392138  0.0004
308218  0.0003
3653102  0.0003
1612556  0.0003
529562  0.0003
528860  0.0003
201770  0.0004
530897  0.0003
3686049  0.0003
530123  0.0003
529963  0.0003
530442  0.0003
529199  0.0003
529340  0.0003
528869  0.0003
528920  0.0003
531750  0.0003
102345  0.0003
280910  0.0003
457331  0.0003
531073  0.0003
529170  0.0003
529250  0.0003
529348  0.0003
528597  0.0003
528865  0.0003
528881  0.0003
528909  0.0003
528927  0.0003
528930  0.0003
392185  0.0003
392212  0.0003
437049  0.0003
298463  0.0003
132021  0.0003
115828  0.0003
530216  0.0003
530105  0.0003
529986  0.0003
529943  0.0003
529588  0.0003
529560  0.0003
529396  0.0003
578434  0.0003
529014  0.0003
529376  0.0003
528903  0.0003
3347504  0.0003
531171  0.0003
20236  0.0005
530742  0.0003
346621  0.0003
99913  0.0003
3173545  0.0003
141022  0.0003
529891  0.0003
532842  0.0003
529887  0.0003
541493  0.0003
530671  0.0003
418805  0.0003
1764417  0.0003
2324959  0.0003
467196  0.0003
591084  0.0003
530248  0.0003
528922  0.0003
530550  0.0003
146433  0.0003
3173623  0.0003
530068  0.0003
529988  0.0003
529949  0.0003
530929  0.0003
540881  0.0003
530108  0.0003
2432256  0.0003
530984  0.0003
531796  0.0003
530596  0.0003
461054  0.0003
529994  0.0003
528936  0.0003
541030  0.0003
134500  0.0003
530416  0.0003
528984  0.0003
531794  0.0003
3140895  0.0003
529957  0.0003
529198  0.0003
392142  0.0004
530916  0.0003
530685  0.0003
92278  0.0003
34172  0.0003
530016  0.0003
529937  0.0003
529251  0.0003
392140  0.0004
3393626  0.0003
578408  0.0003
530512  0.0003
529602  0.0003
528999  0.0003
529256  0.0003
529331  0.0003
529343  0.0003
528818  0.0003
540772  0.0003
250074  0.0003
540903  0.0003
531906  0.0003
530606  0.0003
461557  0.0003
805514  0.0003
40092  0.0003
107464  0.0003
165025  0.0003
530126  0.0003
529168  0.0003
529203  0.0003
528995  0.0003
462982  0.0003
540998  0.0003
531887  0.0003
531127  0.0003
397360  0.0003
48919  0.0003
662854  0.0003
2418340  0.0003
2324081  0.0003
194171  0.0003
461057  0.0003
530229  0.0003
530986  0.0003
530247  0.0003
530147  0.0003
529971  0.0003
530385  0.0003
530455  0.0003
530503  0.0003
529238  0.0003
530667  0.0003
1265692  0.0003
530305  0.0003
529936  0.0003
529393  0.0003
528389  0.0003
528896  0.0003
2360263  0.0003
541025  0.0003
531084  0.0004
129686  0.0003
3393042  0.0003
1296802  0.0003
327367  0.0003
349383  0.0003
108087  0.0003
529180  0.0003
528910  0.0003
227718  0.0003
102604  0.0003
2412868  0.0003
54914  0.0003
33764  0.0003
578435  0.0003
529270  0.0003
529309  0.0003
529337  0.0003
529342  0.0003
528712  0.0003
776327  0.0003
127621  0.0003
3293336  0.0003
530063  0.0003
530459  0.0003
530520  0.0003
145680  0.0003
531089  0.0003
528934  0.0003
541026  0.0003
530033  0.0003
529769  0.0003
530401  0.0003
530428  0.0003
529010  0.0003
528814  0.0003
528898  0.0003
533235  0.0003
540935  0.0003
540866  0.0003
1407731  0.0003
1777204  0.0003
59909  0.0003
788332  0.0003
408131  0.0003
152406  0.0003
124005  0.0003
1744908  0.0003
388183  0.0005
813932  0.0003
31822  0.0003
459980  0.0003
818529  0.0003
72707  0.0003
194526  0.0003
383829  0.0003
383847  0.0003
63229  0.0003
414885  0.0003
2846256  0.0003
2218903  0.0003
2260442  0.0003
308016  0.0003
88744  0.0003
556046  0.0003
28053  0.0003
2295  0.0005
550899  0.0003
387965  0.0003
46881  0.0003
590990  0.0003
816329  0.0003
788389  0.0003
60152  0.0003
983286  0.0003
102556  0.0003
3349294  0.0003
1617810  0.0003
404627  0.0003
109400  0.0003
1262598  0.0003
3663374  0.0003
266069  0.0003
62897  0.0003
2261084  0.0003
3681701  0.0003
30750  0.0003
53180  0.0003
437122  0.0003
26014  0.0003
2261185  0.0003
438325  0.0003
1400484  0.0003
530445  0.0003
542964  0.0003
532178  0.0003
530076  0.0003
530943  0.0003
529555  0.0003
531374  0.0003
532092  0.0003
530675  0.0003
342981  0.0003
804235  0.0003
572870  0.0003
1337721  0.0003
529928  0.0003
530411  0.0003
528997  0.0003
529260  0.0003
529389  0.0003
529349  0.0003
529380  0.0003
528866  0.0003
528867  0.0003
528889  0.0003
528933  0.0003
109428  0.0003
3264052  0.0003
189454  0.0003
3473  0.0003
3671166  0.0003
530145  0.0003
529970  0.0003
529753  0.0003
529601  0.0003
529235  0.0003
529237  0.0003
529246  0.0003
529261  0.0003
529392  0.0003
94864  0.0003
530282  0.0003
530245  0.0003
530397  0.0003
530494  0.0003
529156  0.0003
541592  0.0003
529200  0.0003
529402  0.0003
529301  0.0003
529372  0.0003
250072  0.0003
391966  0.0003
540757  0.0003
532220  0.0003
532095  0.0003
541396  0.0003
541400  0.0003
540893  0.0003
530909  0.0003
530557  0.0003
45693  0.0003
772392  0.0003
2436445  0.0003
541000  0.0003
529916  0.0003
529941  0.0003
529979  0.0003
529598  0.0003
529266  0.0003
529356  0.0003
528455  0.0003
528915  0.0003
421885  0.0003
1560668  0.0003
255942  0.0003
530510  0.0003
127646  0.0003
530096  0.0003
530439  0.0003
530506  0.0003
529008  0.0003
529302  0.0003
529310  0.0003
529306  0.0003
528899  0.0003
201785  0.0003
528938  0.0003
531901  0.0003
530565  0.0003
44729  0.0003
58176  0.0003
3182297  0.0003
815489  0.0003
115241  0.0003
63524  0.0003
3388429  0.0003
78808  0.0003
2220678  0.0003
529737  0.0003
530444  0.0003
540990  0.0003
540622  0.0003
530737  0.0003
530693  0.0003
530548  0.0003
797751  0.0003
530958  0.0003
540725  0.0003
532094  0.0003
582667  0.0003
811112  0.0003
1328614  0.0003
139890  0.0003
532213  0.0003
105227  0.0003
529929  0.0003
529735  0.0003
529167  0.0003
2360039  0.0003
2356599  0.0003
52992  0.0003
1469285  0.0003
531890  0.0003
523805  0.0003
523794  0.0003
276600  0.0003
149091  0.0003
322832  0.0003
76559  0.0003
529136  0.0003
529575  0.0003
540703  0.0003
111669  0.0003
3291796  0.0003
531907  0.0003
529009  0.0003
541014  0.0003
531846  0.0003
530872  0.0003
250093  0.0003
77984  0.0003
120470  0.0003
1749114  0.0003
509546  0.0003
2218433  0.0003
530276  0.0003
530379  0.0003
530434  0.0003
530447  0.0003
529197  0.0003
528868  0.0003
201775  0.0003
540944  0.0003
530668  0.0003
2075721  0.0003
410194  0.0003
530429  0.0003
60893  0.0003
2364360  0.0003
233615  0.0003
529243  0.0003
540761  0.0003
530592  0.0003
3904  0.0003
530945  0.0003
529155  0.0003
529196  0.0003
529234  0.0003
532203  0.0003
1587369  0.0003
2282457  0.0003
383111  0.0003
267283  0.0003
527128  0.0003
362059  0.0003
45002  0.0003
359059  0.0003
138196  0.0003
1262483  0.0003
530363  0.0003
529158  0.0003
528891  0.0003
530564  0.0003
3639241  0.0003
442726  0.0003
63968  0.0003
778110  0.0003
578420  0.0003
530132  0.0003
530125  0.0003
541027  0.0003
188623  0.0003
529925  0.0003
184742  0.0003
529989  0.0003
532219  0.0003
2455387  0.0003
530427  0.0003
540914  0.0003
541100  0.0003
531827  0.0003
530594  0.0003
530689  0.0003
530559  0.0003
112675  0.0003
3277140  0.0003
2199332  0.0003
1763408  0.0003
512326  0.0003
357244  0.0003
528890  0.0003
29886  0.0003
530095  0.0003
529582  0.0003
529239  0.0003
528895  0.0003
532210  0.0003
540908  0.0003
531884  0.0003
530803  0.0003
1446158  0.0003
95376  0.0003
309102  0.0003
140437  0.0003
369807  0.0003
268619  0.0003
2262216  0.0003
40109  0.0003
281216  0.0003
530378  0.0003
125958  0.0003
530318  0.0003
530238  0.0003
530119  0.0003
530037  0.0003
530501  0.0003
529177  0.0003
2222595  0.0003
639927  0.0003
500930  0.0003
633068  0.0003
416940  0.0003
2422579  0.0003
530941  0.0003
531856  0.0003
259276  0.0003
530518  0.0003
540768  0.0003
269251  0.0003
341932  0.0003
422940  0.0003
540987  0.0003
532115  0.0003
450105  0.0003
261457  0.0003
1244969  0.0003
530100  0.0003
529553  0.0003
528879  0.0003
531904  0.0003
531306  0.0003
531292  0.0003
540864  0.0003
199676  0.0003
45190  0.0003
253632  0.0003
812586  0.0003
530065  0.0003
529645  0.0003
529554  0.0003
529346  0.0003
541038  0.0003
530598  0.0003
3164827  0.0003
12680  0.0003
119418  0.0003
437756  0.0003
529996  0.0003
530286  0.0003
530236  0.0003
530111  0.0003
531071  0.0003
529187  0.0003
532116  0.0003
530674  0.0003
193036  0.0003
1765932  0.0003
301060  0.0003
139301  0.0003
569040  0.0003
188119  0.0003
2222504  0.0003
529992  0.0003
540842  0.0003
530448  0.0003
530496  0.0003
529154  0.0003
529308  0.0003
530804  0.0003
3642337  0.0003
396678  0.0003
92267  0.0003
772060  0.0003
3641707  0.0003
529181  0.0003
529352  0.0003
540918  0.0003
1751723  0.0003
3250876  0.0003
530953  0.0003
255140  0.0003
43732  0.0003
249206  0.0003
530144  0.0003
530989  0.0003
1782877  0.0003
792913  0.0003
146477  0.0003
529892  0.0003
529780  0.0003
530967  0.0003
529173  0.0003
268888  0.0003
96100  0.0003
81830  0.0003
791932  0.0003
559228  0.0003
127986  0.0003
98390  0.0003
532179  0.0003
2361644  0.0003
41685  0.0003
227682  0.0003
1409200  0.0003
530237  0.0003
529919  0.0003
541015  0.0003
531795  0.0003
530858  0.0003
78459  0.0003
529169  0.0003
530570  0.0003
151404  0.0003
1751887  0.0003
61796  0.0003
529862  0.0003
530828  0.0003
1204229  0.0003
38762  0.0004
35822  0.0003
293573  0.0003
540981  0.0003
786122  0.0003
1765615  0.0003
772362  0.0003
530032  0.0003
540976  0.0003
2175948  0.0003
94768  0.0003
529236  0.0003
528894  0.0003
528917  0.0003
3394609  0.0003
31951  0.0003
1261837  0.0003
831710  0.0003
1058949  0.0003
1765951  0.0003
530370  0.0003
540797  0.0003
529558  0.0003
529333  0.0003
540634  0.0003
540911  0.0003
250087  0.0003
64550  0.0003
1328619  0.0003
629482  0.0003
77210  0.0003
3285949  0.0003
530402  0.0003
529178  0.0003
530878  0.0003
757714  0.0003
241936  0.0003
818902  0.0003
529773  0.0003
531069  0.0003
530388  0.0003
529370  0.0003
528408  0.0003
341659  0.0003
617845  0.0003
3140168  0.0003
529888  0.0003
530975  0.0003
529369  0.0003
540758  0.0003
531293  0.0003
62407  0.0003
1751733  0.0003
268914  0.0003
60263  0.0003
78882  0.0003
529889  0.0003
421447  0.0003
541056  0.0003
183686  0.0003
459753  0.0003
442626  0.0003
540971  0.0003
530424  0.0003
529359  0.0003
540521  0.0003
531798  0.0003
4543  0.0003
530974  0.0003
530432  0.0003
529172  0.0003
529192  0.0003
529345  0.0003
531855  0.0003
530560  0.0003
461997  0.0003
541035  0.0003
3640585  0.0003
3140096  0.0003
540988  0.0003
416902  0.0003
815167  0.0003
109298  0.0003
73900  0.0003
96080  0.0003
3385633  0.0003
14784  0.0003
532841  0.0003
531867  0.0003
530825  0.0003
112665  0.0003
103452  0.0003
33010  0.0003
2263626  0.0003
583980  0.0003
341699  0.0003
67594  0.0003
45969  0.0003
529581  0.0003
529552  0.0003
540957  0.0003
531083  0.0003
2413481  0.0003
796212  0.0003
825539  0.0003
2173432  0.0003
530499  0.0003
107573  0.0003
3640423  0.0003
2461742  0.0003
529973  0.0003
530983  0.0003
531341  0.0003
530374  0.0003
530417  0.0003
529202  0.0003
529312  0.0003
348155  0.0003
2458151  0.0003
1794838  0.0003
49286  0.0003
629305  0.0003
3657578  0.0003
530458  0.0003
530504  0.0003
529190  0.0003
532100  0.0003
371661  0.0003
3670864  0.0003
530507  0.0003
529556  0.0003
530893  0.0003
523968  0.0003
529917  0.0003
530505  0.0003
528406  0.0003
528820  0.0003
540760  0.0003
126599  0.0003
117144  0.0003
3281807  0.0003
530457  0.0003
540745  0.0003
531839  0.0003
530684  0.0003
797003  0.0003
795666  0.0003
1468632  0.0003
830022  0.0003
1262594  0.0003
529938  0.0003
530461  0.0003
540795  0.0003
528893  0.0003
540494  0.0003
530824  0.0003
3256334  0.0003
3256282  0.0003
408090  0.0003
532122  0.0003
530012  0.0003
529942  0.0003
531279  0.0003
1331641  0.0003
444501  0.0003
3124435  0.0003
529643  0.0003
531176  0.0003
530600  0.0003
265325  0.0003
530308  0.0003
529953  0.0003
529750  0.0003
531870  0.0003
530798  0.0003
530882  0.0003
540874  0.0003
375289  0.0003
529163  0.0003
529305  0.0003
248548  0.0003
782796  0.0003
502208  0.0003
3164915  0.0003
2360330  0.0005
28589  0.0003
3257545  0.0003
260419  0.0004
145286  0.0003
1323203  0.0003
1323133  0.0003
1322263  0.0003
405418  0.0003
404538  0.0003
36217  0.0003
186829  0.0003
186218  0.0003
3172219  0.0005
3346751  0.0003
3346753  0.0003
3670626  0.0003
3346330  0.0003
28590  0.0003
186484  0.0003
880478  0.0003
880605  0.0003
1320921  0.0003
1469399  0.0003
129294  0.0003
529837  0.0003
74089  0.0003
31595  0.0003
1249216  0.0003
107988  0.0003
3669817  0.0003
541360  0.0003
522687  0.0003
137835  0.0003
528396  0.0003
530133  0.0003
599373  0.0003
77391  0.0003
541515  0.0003
529939  0.0003
529739  0.0003
529388  0.0003
541399  0.0003
530535  0.0003
370262  0.0003
139552  0.0003
880714  0.0003
530670  0.0003
531790  0.0003
530361  0.0003
530396  0.0003
22581  0.0003
30657  0.0003
104128  0.0003
31337  0.0003
488708  0.0003
423274  0.0003
3182746  0.0003
75522  0.0003
2360425  0.0003
2261063  0.0003
893628  0.0003
350024  0.0003
3182744  0.0003
422638  0.0003
3671972  0.0003
31259  0.0003
548226  0.0003
334705  0.0003
530959  0.0003
578410  0.0003
530241  0.0003
529648  0.0003
529647  0.0003
529307  0.0003
531110  0.0003
530399  0.0003
530441  0.0003
530451  0.0003
529304  0.0003
3581061  0.0003
772587  0.0003
529976  0.0003
529649  0.0003
540626  0.0003
540517  0.0003
321245  0.0003
122235  0.0003
1704429  0.0003
1747891  0.0003
41082  0.0003
529890  0.0003
530393  0.0003
540964  0.0003
530542  0.0003
529265  0.0003
540713  0.0003
150447  0.0003
529683  0.0003
529257  0.0003
540679  0.0003
478320  0.0003
530883  0.0003
530235  0.0003
529895  0.0003
540519  0.0003
67792  0.0003
530406  0.0003
200764  0.0003
530405  0.0003
529247  0.0003
532196  0.0003
540886  0.0003
530805  0.0003
530588  0.0003
1750713  0.0003
1748179  0.0003
152600  0.0003
1748311  0.0003
2222439  0.0003
238340  0.0003
530981  0.0003
531074  0.0003
531075  0.0003
530498  0.0003
529568  0.0003
1765937  0.0003
578436  0.0003
529253  0.0003
541013  0.0003
531280  0.0003
530436  0.0003
541012  0.0003
530034  0.0003
865794  0.0003
540738  0.0003
530127  0.0003
532201  0.0003
531769  0.0003
541107  0.0003
68749  0.0003
575746  0.0003
318459  0.0003
540715  0.0003
531800  0.0003
531281  0.0003
131687  0.0003
698088  0.0003
530249  0.0003
530414  0.0003
530787  0.0003
21943  0.0003
641297  0.0003
645830  0.0003
541037  0.0003
530301  0.0003
578406  0.0003
529933  0.0003
531658  0.0003
36690  0.0003
9501  0.0003
2261082  0.0003
3193054  0.0003
529189  0.0003
529242  0.0003
804739  0.0003
540930  0.0003
2399179  0.0003
211060  0.0003
530218  0.0003
850  0.0003
54695  0.0003
7228  0.0003
530944  0.0003
3513485  0.0003
530371  0.0003
1811455  0.0003
1221172  0.0003
1492745  0.0003
139753  0.0003
530398  0.0003
530910  0.0003
3350214  0.0003
241842  0.0003
27570  0.0003
528883  0.0003
858384  0.0003
531888  0.0003
530873  0.0003
278924  0.0003
239837  0.0003
320419  0.0003
530694  0.0003
825549  0.0003
540623  0.0003
541398  0.0003
531781  0.0003
530549  0.0003
1772241  0.0003
732604  0.0003
530222  0.0003
529954  0.0003
540728  0.0003
532844  0.0003
532215  0.0003
783582  0.0003
802605  0.0003
979654  0.0003
1617868  0.0003
143298  0.0003
630008  0.0003
1339897  0.0003
123698  0.0003
1746859  0.0003
561551  0.0003
495537  0.0003
513754  0.0003
513751  0.0003
233095  0.0003
242559  0.0003
75137  0.0003
103771  0.0003
3201090  0.0003
294573  0.0003
3556022  0.0003
232668  0.0003
294584  0.0003
3637655  0.0003
3522083  0.0003
819455  0.0003
294585  0.0003
3866  0.0003
2314463  0.0003
294575  0.0003
294577  0.0003
294587  0.0003
1316114  0.0003
294592  0.0003
294594  0.0003
198968  0.0005
529569  0.0003
39864  0.0003
92258  0.0003
529751  0.0003
530785  0.0003
530870  0.0003
59164  0.0003
369550  0.0003
530750  0.0003
143290  0.0003
540603  0.0003
1617358  0.0003
116736  0.0003
530908  0.0003
124057  0.0003
357342  0.0003
2460026  0.0003
78934  0.0003
141313  0.0003
102255  0.0003
416992  0.0003
2416412  0.0003
531910  0.0003
39375  0.0003
415394  0.0003
530117  0.0003
529759  0.0003
530972  0.0003
540890  0.0003
457679  0.0003
2173171  0.0003
313600  0.0003
529757  0.0003
530382  0.0003
528430  0.0003
530603  0.0003
3240387  0.0003
410871  0.0003
529927  0.0003
530446  0.0003
531120  0.0003
530747  0.0003
530686  0.0003
834755  0.0003
107184  0.0003
106799  0.0003
280123  0.0003
530118  0.0003
530843  0.0003
530610  0.0003
361807  0.0003
149335  0.0003
117924  0.0003
529143  0.0003
3182812  0.0003
518925  0.0003
1541314  0.0003
531882  0.0003
540510  0.0003
530932  0.0003
529727  0.0003
540943  0.0003
530102  0.0003
532111  0.0003
86647  0.0003
42301  0.0003
575563  0.0003
863248  0.0003
794514  0.0003
3389200  0.0003
443002  0.0003
529644  0.0003
418333  0.0004
2414264  0.0004
3264910  0.0004
3508784  0.0004
77042  0.0003
3124016  0.0003
505326  0.0003
893675  0.0003
3198268  0.0003
41259  0.0003
242568  0.0003
102344  0.0003
239789  0.0003
133538  0.0003
505308  0.0003
258270  0.0003
258699  0.0003
253063  0.0003
257474  0.0003
1582861  0.0003
817201  0.0003
453686  0.0003
29469  0.0003
127230  0.0003
106126  0.0003
72360  0.0003
526736  0.0003
235189  0.0003
28608  0.0003
3272265  0.0003
3663035  0.0003
3663033  0.0003
8780  0.0003
209675  0.0003
301012  0.0003
780902  0.0003
808356  0.0003
1584705  0.0003
94933  0.0003
817200  0.0003
867582  0.0003
802617  0.0003
126195  0.0003
403392  0.0003
403649  0.0003
1258809  0.0003
291267  0.0003
82836  0.0003
969338  0.0003
16191  0.0003
974032  0.0003
250787  0.0003
250734  0.0003
1405374  0.0003
947298  0.0003
15998  0.0003
403121  0.0003
880598  0.0003
62535  0.0003
320224  0.0003
403130  0.0003
258704  0.0003
250805  0.0003
186837  0.0003
250490  0.0003
543193  0.0003
255484  0.0003
24498  0.0003
320965  0.0003
403640  0.0003
321187  0.0003
250798  0.0003
190700  0.0003
250503  0.0003
974036  0.0003
529316  0.0003
403384  0.0003
250816  0.0003
387131  0.0003
327512  0.0003
1405622  0.0003
968999  0.0003
130103  0.0003
310747  0.0003
969363  0.0003
16310  0.0003
947293  0.0003
290105  0.0003
968805  0.0003
190706  0.0003
15619  0.0003
100038  0.0003
974063  0.0003
579425  0.0003
982220  0.0003
947274  0.0003
403373  0.0003
250801  0.0003
968710  0.0003
403134  0.0003
403135  0.0003
291251  0.0003
317763  0.0003
974035  0.0003
402478  0.0003
15355  0.0003
320254  0.0003
403132  0.0003
375523  0.0003
968759  0.0003
377585  0.0003
404414  0.0003
349072  0.0003
529962  0.0003
530412  0.0003
541029  0.0003
530013  0.0003
5787  0.0003
529182  0.0003
540702  0.0003
3395796  0.0003
40431  0.0003
189183  0.0003
3514377  0.0003
3523748  0.0003
62594  0.0003
530364  0.0003
529267  0.0003
540506  0.0003
1337087  0.0003
504189  0.0003
3632271  0.0003
529401  0.0003
530568  0.0003
541118  0.0003
541425  0.0003
29920  0.0003
79048  0.0003
2439789  0.0003
530426  0.0003
278524  0.0003
323956  0.0003
529896  0.0003
541009  0.0003
25902  0.0003
518114  0.0003
57719  0.0003
13118  0.0003
353165  0.0003
275542  0.0003
144887  0.0003
100589  0.0003
3280627  0.0003
3148139  0.0003
3125017  0.0003
242561  0.0003
470578  0.0003
464758  0.0003
78576  0.0003
83201  0.0003
578416  0.0003
530384  0.0003
2436306  0.0003
183188  0.0003
530056  0.0003
103989  0.0003
530450  0.0003
529335  0.0003
540748  0.0003
541005  0.0003
3150559  0.0003
465547  0.0003
2846122  0.0003
530091  0.0003
530585  0.0003
530697  0.0003
3292411  0.0003
268734  0.0003
530014  0.0003
540708  0.0003
540959  0.0003
1678660  0.0003
2420977  0.0003
25651  0.0003
410577  0.0003
514468  0.0003
540718  0.0003
531848  0.0003
541023  0.0003
1639326  0.0003
2423853  0.0003
38040  0.0003
2603443  0.0003
530050  0.0003
540945  0.0003
541021  0.0003
470974  0.0003
1505492  0.0003
530968  0.0003
530362  0.0003
529159  0.0003
530732  0.0003
530591  0.0003
530599  0.0003
147012  0.0003
140898  0.0003
101717  0.0003
2479103  0.0003
532840  0.0003
530915  0.0003
530727  0.0003
530757  0.0003
529966  0.0003
529762  0.0003
530977  0.0003
531169  0.0003
531078  0.0003
122800  0.0003
2417915  0.0003
3272065  0.0003
3569447  0.0003
529926  0.0003
540516  0.0003
530609  0.0003
982176  0.0003
2423771  0.0003
531816  0.0003
3309304  0.0003
24990  0.0003
540505  0.0003
530513  0.0003
1747612  0.0003
504010  0.0003
128486  0.0003
541366  0.0003
532118  0.0003
541402  0.0003
479193  0.0003
1261888  0.0003
2413813  0.0003
540835  0.0003
39492  0.0003
244349  0.0003
530314  0.0003
530251  0.0003
529908  0.0003
531754  0.0003
132264  0.0003
1746223  0.0003
27991  0.0003
972583  0.0003
530079  0.0003
529935  0.0003
9746  0.0003
531366  0.0003
2422446  0.0003
1750497  0.0003
189187  0.0003
516398  0.0003
530122  0.0003
529754  0.0003
531109  0.0003
1159177  0.0003
131742  0.0003
540984  0.0003
531121  0.0003
530578  0.0003
1589516  0.0003
3258321  0.0003
540504  0.0003
2420292  0.0003
576671  0.0003
60188  0.0003
530954  0.0003
532850  0.0003
1407198  0.0003
397954  0.0003
230388  0.0003
590529  0.0003
203280  0.0003
3280554  0.0003
532202  0.0003
540511  0.0003
1377454  0.0003
199952  0.0003
578405  0.0003
529726  0.0003
529758  0.0003
414765  0.0003
399672  0.0003
299343  0.0003
189293  0.0003
1722315  0.0003
2424488  0.0003
541420  0.0003
300441  0.0003
410400  0.0003
309622  0.0003
91401  0.0003
1343587  0.0003
529930  0.0003
269104  0.0003
1439332  0.0003
503830  0.0003
540723  0.0003
541041  0.0003
540894  0.0003
530842  0.0003
3099448  0.0003
674  0.0003
530081  0.0003
529947  0.0003
529738  0.0003
530952  0.0003
395217  0.0003
46004  0.0003
242757  0.0003
378563  0.0003
1764970  0.0003
403013  0.0003
530002  0.0003
124016  0.0003
1765302  0.0003
517380  0.0003
531818  0.0003
530597  0.0003
2418065  0.0003
103772  0.0003
530561  0.0003
2491469  0.0003
3663408  0.0003
150823  0.0003
202178  0.0003
172417  0.0003
794543  0.0003
188160  0.0003
1751249  0.0003
796273  0.0003
243304  0.0003
3663411  0.0003
18051  0.0003
796277  0.0003
120968  0.0003
80550  0.0003
3388826  0.0003
9992  0.0003
3659798  0.0003
187966  0.0003
3250747  0.0003
3268376  0.0003
477926  0.0003
320351  0.0003
76703  0.0003
3243351  0.0003
2652424  0.0003
410314  0.0003
16237  0.0003
29294  0.0003
29295  0.0003
3307243  0.0003
2733782  0.0003
820794  0.0003
448318  0.0003
2355198  0.0003
3145839  0.0003
819761  0.0003
3148000  0.0003
345128  0.0003
18353  0.0003
416904  0.0003
1343762  0.0003
3350464  0.0003
2217460  0.0003
434006  0.0003
2249145  0.0003
531889  0.0003
540968  0.0003
530519  0.0003
3311829  0.0003
529965  0.0003
531179  0.0003
102891  0.0003
146294  0.0003
297586  0.0003
494583  0.0003
540862  0.0003
540861  0.0003
1518467  0.0003
1678357  0.0003
1180859  0.0003
2419529  0.0003
3402602  0.0003
1221404  0.0003
3435014  0.0003
3347496  0.0003
2442447  0.0003
2327932  0.0003
3638518  0.0003
3336922  0.0003
3550264  0.0003
3377342  0.0003
561180  0.0003
533232  0.0003
529886  0.0003
530381  0.0003
531787  0.0003
530277  0.0003
531085  0.0003
531087  0.0003
531088  0.0003
532172  0.0003
530602  0.0003
530558  0.0003
247347  0.0004
531187  0.0003
531082  0.0003
140207  0.0003
2218837  0.0003
804928  0.0003
2774548  0.0003
109778  0.0009
3431739  0.0009
3173582  0.0003
982835  0.0003
1282759  0.0003
3217864  0.0003
187999  0.0009
37591  0.0005
1581450  0.0003
1709284  0.0003
1581747  0.0003
2886068  0.0003
573824  0.0003
573840  0.0003
92274  0.0003
59715  0.0003
590593  0.0003
202250  0.0003
708940  0.0003
451540  0.0003
1242133  0.0003
1242184  0.0003
108373  0.0003
108371  0.0003
129825  0.0004
545833  0.0004
352380  0.0003
632989  0.0003
524126  0.0003
48287  0.0003
377694  0.0003
3673470  0.0003
78664  0.0003
16866  0.0004
47430  0.0003
3690473  0.0003
3641353  0.0003
68993  0.0003
297881  0.0003
100130  0.0003
673  0.0007
3199197  0.0003
3227014  0.0003
1409384  0.0003
186792  0.0003
24243  0.0006
35820  0.0004
61821  0.0003
324641  0.0003
1446661  0.0005
14628  0.0004
3428859  0.0004
371375  0.0004
33307  0.0003
3203894  0.0003
38611  0.0003
3377303  0.0003
441297  0.0003
3186387  0.0003
9679  0.0004
3438384  0.0003
91661  0.0003
2886085  0.0003
255485  0.0003
